0 4  16
0 1 
0 4  17
0 1 
0 4  18
0 1 
0 4  20
-nan -nan 
0 4  22
0 0.6 
0 4  24
0 1 
0 4  26
0 0 
0 5  38
-nan -nan 
0 5  42
0 1 
0 5  46
0 0.75 
0 5  50
-nan -nan 
0 5  56
0 1 
0 5  58
0 1 
0 5  60
0 0 
0 6  78
0 1 
0 6  86
-nan -nan 
0 6  102
0 1 
0 6  108
-nan -nan 
0 6  110
0 1 
0 6  119
0 0.947368 
0 6  122
0 1 
0 6  124
0 1 
0 6  125
0 0.769231 
0 7  158
0 1 
0 7  174
-nan -nan 
0 7  188
0 1 
0 7  190
-nan -nan 
0 7  206
-nan -nan 
0 7  218
-nan -nan 
0 7  222
0 1 
0 7  228
0 1 
0 7  230
0 0 
0 7  236
0 0.875 
0 7  247
0 0.6 
0 7  252
0 0 
0 7  254
0 1 
0 8  318
-nan -nan 
0 8  350
-nan -nan 
0 8  378
0 1 
0 8  379
0 0.823529 
0 8  382
-nan -nan 
0 8  414
0 1 
0 8  438
-nan -nan 
0 8  446
0 0 
0 8  458
0 1 
0 8  459
0 0.666667 
0 8  462
0 0 
0 8  474
0 1 
0 8  492
-nan -nan 
0 8  506
0 0.875 
0 8  507
0 1 
0 8  510
0 1 
0 9  638
-nan -nan 
0 9  702
-nan -nan 
0 9  766
0 1 
0 9  830
-nan -nan 
0 9  878
-nan -nan 
0 9  894
0 1 
0 9  926
0 0.8 
0 9  950
0 1 
0 9  986
-nan -nan 
0 9  1022
0 1 
0 10  1278
-nan -nan 
0 10  1279
0 1 
0 10  1406
0 1 
0 10  1407
0 1 
0 10  1534
0 1 
0 10  1535
0 1 
0 10  1662
0 1 
0 10  1663
0 1 
0 10  1758
0 1 
0 10  1759
0 1 
0 10  1790
0 0 
0 10  1791
0 0.878049 
0 10  1854
0 1 
0 10  1855
0 1 
0 10  1902
0 0 
0 10  1903
0 0.59375 
0 10  1974
0 1 
0 10  1975
0 1 
0 10  2046
0 0.8 
0 10  2047
0 0.323963 
1 3  8
0 0.933333 
1 4  18
-nan -nan 
1 4  20
0 1 
1 4  24
-nan -nan 
1 4  27
0 0.666667 
1 4  28
0 1 
1 5  38
0 1 
1 5  42
-nan -nan 
1 5  46
0 1 
1 5  50
0 1 
1 5  53
0 1 
1 5  58
0 1 
1 6  78
-nan -nan 
1 6  86
-nan -nan 
1 6  88
-nan -nan 
1 6  90
0 0 
1 6  102
-nan -nan 
1 6  104
0 1 
1 6  118
0 0 
1 6  120
0 1 
1 6  121
0 0.9375 
1 6  122
0 1 
1 6  124
0 1 
1 6  126
0 0.857143 
1 7  158
-nan -nan 
1 7  174
0 1 
1 7  178
-nan -nan 
1 7  188
0 1 
1 7  189
0 0.909091 
1 7  190
0 1 
1 7  206
0 1 
1 7  210
0 0 
1 7  238
0 1 
1 7  246
0 1 
1 7  254
0 0.894737 
1 8  318
-nan -nan 
1 8  350
0 1 
1 8  358
-nan -nan 
1 8  364
0 1 
1 8  366
0 0 
1 8  382
0 1 
1 8  415
0 1 
1 8  422
0 0.5 
1 8  494
0 0.428571 
1 8  500
0 1 
1 8  502
0 1 
1 8  510
0 1 
1 9  638
-nan -nan 
1 9  702
-nan -nan 
1 9  718
-nan -nan 
1 9  730
0 1 
1 9  734
0 1 
1 9  766
0 0.714286 
1 9  828
-nan -nan 
1 9  846
0 1 
1 9  847
0 0.833333 
1 9  956
0 0.916667 
1 9  957
0 1 
1 9  958
0 0 
1 9  990
0 0 
1 9  991
0 0.833333 
1 9  1002
0 0.647059 
1 9  1006
0 1 
1 9  1022
0 0.8 
1 10  1278
0 1 
1 10  1279
0 1 
1 10  1406
-nan -nan 
1 10  1407
0 1 
1 10  1438
-nan -nan 
1 10  1439
0 1 
1 10  1462
0 0.5 
1 10  1463
0 0.956522 
1 10  1470
0 0.903226 
1 10  1471
0 0.709677 
1 10  1534
0 1 
1 10  1535
0 0.459016 
1 10  1658
0 1 
1 10  1659
0 1 
1 10  1918
0 0.636364 
1 10  1919
0 0.923077 
1 10  2006
0 1 
1 10  2007
0 0.212121 
1 10  2014
0 1 
1 10  2015
0 0.733333 
1 10  2046
0 1 
1 10  2047
0 0.269737 
2 3  8
0 1 
2 3  10
0 1 
2 4  18
-nan -nan 
2 4  24
0 0.5 
2 4  26
0 1 
2 5  38
-nan -nan 
2 5  44
0 0.857143 
2 5  46
0 1 
2 5  50
0 0.875 
2 5  54
0 1 
2 5  58
0 1 
2 5  60
0 0 
2 6  78
-nan -nan 
2 6  90
-nan -nan 
2 6  102
0 0.944444 
2 6  111
0 0.947368 
2 6  112
-nan -nan 
2 6  114
0 0.833333 
2 6  115
0 1 
2 6  119
0 0.947368 
2 6  122
0 1 
2 6  123
0 0.894737 
2 7  158
-nan -nan 
2 7  182
0 1 
2 7  188
0 0.5 
2 7  206
-nan -nan 
2 7  220
0 1 
2 7  226
-nan -nan 
2 7  237
0 1 
2 7  248
0 1 
2 7  250
0 0.75 
2 7  252
0 1 
2 7  254
0 1 
2 8  319
0 1 
2 8  366
0 1 
2 8  367
0 1 
2 8  378
-nan -nan 
2 8  380
0 1 
2 8  381
0 0.857143 
2 8  382
0 1 
2 8  414
-nan -nan 
2 8  442
0 1 
2 8  454
-nan -nan 
2 8  472
0 1 
2 8  498
0 1 
2 8  502
-nan -nan 
2 8  506
0 0 
2 9  636
-nan -nan 
2 9  758
-nan -nan 
2 9  766
0 0.25 
2 9  830
-nan -nan 
2 9  887
0 0.8 
2 9  910
-nan -nan 
2 9  946
0 0 
2 9  998
0 0.125 
2 9  999
0 0.769231 
2 9  1006
-nan -nan 
2 9  1014
0 1 
2 9  1015
0 0.6875 
2 9  1020
0 0 
2 9  1022
0 1 
2 10  1274
0 1 
2 10  1275
0 1 
2 10  1518
0 1 
2 10  1519
0 1 
2 10  1534
0 0.862069 
2 10  1535
0 0.6875 
2 10  1662
-nan -nan 
2 10  1663
0 1 
2 10  1772
0 0.307692 
2 10  1773
0 0.666667 
2 10  1822
-nan -nan 
2 10  1823
0 1 
2 10  1894
0 1 
2 10  1895
0 0.5 
2 10  2014
-nan -nan 
2 10  2015
0 1 
2 10  2042
0 0 
2 10  2043
0 0.709677 
2 10  2046
0 0.789474 
2 10  2047
0 0.311429 
3 3  8
0 0.75 
3 3  10
0 0 
3 4  22
0 1 
3 4  24
0 0.9 
3 5  36
-nan -nan 
3 5  39
0 0.714286 
3 5  52
0 0.866667 
3 5  54
0 1 
3 5  56
-nan -nan 
3 5  58
0 0.866667 
3 5  59
0 1 
3 5  60
0 0.333333 
3 6  76
-nan -nan 
3 6  92
0 0.666667 
3 6  94
0 0.6 
3 6  101
0 0.9 
3 6  102
0 1 
3 6  106
0 0.875 
3 6  110
0 0.947368 
3 6  114
-nan -nan 
3 6  122
0 0 
3 6  124
0 0.5 
3 7  148
-nan -nan 
3 7  150
-nan -nan 
3 7  154
0 1 
3 7  155
0 1 
3 7  186
-nan -nan 
3 7  190
0 1 
3 7  191
0 0.866667 
3 7  200
-nan -nan 
3 7  206
0 1 
3 7  214
-nan -nan 
3 7  222
0 1 
3 7  230
0 1 
3 7  246
0 1 
3 7  250
0 0 
3 7  252
0 1 
3 8  299
0 1 
3 8  302
0 1 
3 8  303
0 1 
3 8  374
0 1 
3 8  375
0 1 
3 8  402
0 1 
3 8  414
-nan -nan 
3 8  430
0 1 
3 8  446
0 0 
3 8  447
0 0.555556 
3 8  462
0 1 
3 8  506
0 1 
3 8  508
0 0.727273 
3 8  509
0 1 
3 8  510
0 0.785714 
3 9  596
-nan -nan 
3 9  806
-nan -nan 
3 9  830
0 1 
3 9  862
-nan -nan 
3 9  926
-nan -nan 
3 9  988
0 1 
3 9  989
0 0.545455 
3 9  1005
0 0.9375 
3 9  1006
-nan -nan 
3 9  1014
0 0.888889 
3 9  1015
0 0.647059 
3 9  1022
0 1 
3 10  1194
-nan -nan 
3 10  1195
0 1 
3 10  1614
0 1 
3 10  1615
0 1 
3 10  1662
-nan -nan 
3 10  1663
0 1 
3 10  1726
-nan -nan 
3 10  1727
0 1 
3 10  1854
-nan -nan 
3 10  1855
0 1 
3 10  1980
0 1 
3 10  1981
0 1 
3 10  1982
0 0.333333 
3 10  1983
0 0.882353 
3 10  2008
0 0.25 
3 10  2009
0 0.823529 
3 10  2014
-nan -nan 
3 10  2015
0 1 
3 10  2046
0 0.590909 
3 10  2047
0 0.305365 
4 3  8
-nan -nan 
4 4  18
0 1 
4 4  20
-nan -nan 
4 4  24
-nan -nan 
4 4  28
0 0 
4 5  38
0 1 
4 5  42
-nan -nan 
4 5  44
-nan -nan 
4 5  50
0 1 
4 5  51
0 1 
4 5  52
0 1 
4 5  60
0 1 
4 5  62
0 1 
4 6  78
-nan -nan 
4 6  86
0 1 
4 6  87
0 1 
4 6  90
-nan -nan 
4 6  92
-nan -nan 
4 6  94
0 1 
4 6  106
0 1 
4 6  110
0 1 
4 6  116
0 0.9 
4 6  118
0 1 
4 6  122
0 1 
4 7  158
0 1 
4 7  182
0 1 
4 7  186
0 1 
4 7  187
0 1 
4 7  190
0 1 
4 7  214
-nan -nan 
4 7  216
-nan -nan 
4 7  218
0 0.714286 
4 7  219
0 1 
4 7  234
0 1 
4 7  238
0 1 
4 7  252
0 0 
4 7  254
0 1 
4 8  318
-nan -nan 
4 8  366
-nan -nan 
4 8  382
0 0 
4 8  430
-nan -nan 
4 8  434
-nan -nan 
4 8  444
0 0.944444 
4 8  445
0 0.5 
4 8  446
0 1 
4 8  470
0 1 
4 8  471
0 1 
4 8  478
0 1 
4 8  492
0 1 
4 8  494
0 1 
4 8  506
0 1 
4 8  510
0 1 
4 9  638
0 1 
4 9  734
0 1 
4 9  766
0 1 
4 9  862
-nan -nan 
4 9  870
0 1 
4 9  871
0 1 
4 9  894
0 1 
4 9  958
0 0.8 
4 9  959
0 0.375 
4 9  986
0 0 
4 9  990
0 0.625 
4 9  1014
0 0.2 
4 10  1278
0 1 
4 10  1279
0 1 
4 10  1470
-nan -nan 
4 10  1471
0 1 
4 10  1534
0 0.5 
4 10  1535
0 0.86 
4 10  1726
0 1 
4 10  1727
0 1 
4 10  1790
0 1 
4 10  1791
0 0.611111 
4 10  1974
0 0.9 
4 10  1975
0 0.5 
4 10  1982
0 0 
4 10  1983
0 0.95 
4 10  2030
0 0.6 
4 10  2031
0 0.947368 
4 10  2044
0 1 
4 10  2045
0 0.7 
4 10  2046
0 0.727273 
4 10  2047
0 0.306705 
